2.398665428161621 0.4108857810497284 0.6931471824645996 0.0 3.502698391675949 18.143126726150513 0.0
1.7115134000778198 0.10864147543907166 0.14375555515289307 0.0 1.9639104306697845 19.84674072265625 1.0
2.046931743621826 0.06844385713338852 0.1462012529373169 0.4000382125377655 2.661615066230297 4.510023832321167 0.96875
4.43209171295166 0.2128693163394928 1.8302810192108154 0.7460888624191284 7.221330910921097 3.836263418197632 0.8125
3.704318046569824 0.15759599208831787 1.9790856838226318 0.48920828104019165 6.330208003520966 3.699451208114624 0.78125
3.612393856048584 0.11798004806041718 0.0058466847985982895 0.0 3.7362205889075994 4.411715030670166 1.0
0.5004324913024902 0.06348469108343124 0.025464002043008804 0.0 0.5893811844289303 4.516921281814575 1.0
5.518731594085693 0.15565739572048187 0.8618099689483643 1.188416600227356 7.7246155589818954 4.202545881271362 0.84375
2.3292837142944336 0.21826614439487457 0.06990140676498413 0.0 2.6174512654542923 5.739493370056152 1.0
0.8911184668540955 1.0676838159561157 0.23903410136699677 1.1346243619918823 3.3324607461690903 3.741101026535034 0.9375
0.7673607468605042 0.08071709424257278 0.25088465213775635 0.0 1.0989624932408333 3.5327184200286865 1.0
4.357911109924316 0.17937195301055908 0.14144878089427948 0.0 4.678731843829155 3.5640482902526855 1.0
1.0701981782913208 0.11380227655172348 0.3994463086128235 0.7635823488235474 2.347029112279415 5.9301135540008545 0.875
3.1203091144561768 0.1250375360250473 0.6142545342445374 0.5151678323745728 4.374769017100334 3.9789810180664062 0.75
0.10416113585233688 0.11321347951889038 0.32683414220809937 0.4500754177570343 0.9942841753363609 5.699465274810791 0.96875
0.4075629711151123 0.0423409678041935 0.36783409118652344 0.6017390489578247 1.419477079063654 3.633371114730835 0.90625
4.404884338378906 0.028985798358917236 0.365243136882782 0.5012091994285583 5.300322473049164 4.605687141418457 0.90625
1.2507487535476685 0.02986166439950466 0.12630407512187958 0.0 1.4069144930690527 3.894695520401001 1.0
0.8714210987091064 0.038309622555971146 0.6980369091033936 0.4995007812976837 2.107268411666155 3.610301971435547 0.65625
0.0016261968994513154 0.4592844843864441 0.05951850861310959 0.0 0.520429189899005 8.410551071166992 1.0
0.6578317629845645 0.1420142831238918 0.42195928032509983 0.3791105437390506 1.6009158701726065 2336.991738796234 0.8635625
0.47188258413121 0.1339535251406487 0.43903669265657663 0.37268622195720674 1.4175590238856421 2323.6212034225464 0.8448125
0.42905503989780847 0.13502371878910344 0.4231304175257683 0.3621308783143759 1.3493400545270562 2258.4009997844696 0.85075
0.38400799789471785 0.14710698944859904 0.4054618593454361 0.3588255386352539 1.2954023853240069 2288.8400049209595 0.8575
0.36255001193373027 0.13866927828104236 0.42717637462541463 0.36762744541466236 1.2960231102548496 2279.976275920868 0.8454375
0.35085569106345793 0.1324092771144351 0.4331148582845926 0.35134543731808665 1.2677252637805723 2271.236001253128 0.8431875
0.34910224374953397 0.13256758150110545 0.43419668155163527 0.3763500728905201 1.2922165796927947 2257.045590162277 0.84325
0.34749412458079587 0.1293158905169985 0.4120744109228253 0.34081730514764785 1.2297017311682676 2259.233329296112 0.8524375
0.31688360266270305 0.13362641990871635 0.42082684384286406 0.3553502357900143 1.2266871022042978 2257.7507870197296 0.844875
0.340511132574924 0.14095558127097318 0.45429506005346776 0.3566997619867325 1.2924615358860974 2278.2688875198364 0.8295625
0.303506555855829 0.12564788423187565 0.4280317211225629 0.35433115883171556 1.211517320041983 2242.987648487091 0.8384375
0.28693274142042263 0.13565298694791272 0.4283540352731943 0.34502214663103226 1.1959619102725618 2335.1241595745087 0.8370625
0.34095541975592025 0.1334316143146716 0.4225344568677247 0.35067776718735694 1.2475992581256734 2288.7146351337433 0.8420625
0.3188375530811345 0.13589638324966655 0.4248719606697559 0.34553566282987597 1.225141559830433 2288.368129968643 0.840625
0.31325559633997546 0.1299332568673999 0.43598387637734415 0.34338942223787305 1.2225621518225926 2293.460777282715 0.829875
0.3079429300767515 0.13069364796322772 0.41505970619246363 0.34776567290723326 1.201461957139676 2269.839777469635 0.84225
0.29185928385774607 0.14480899609834888 0.4195546591542661 0.3321387622430921 1.188361701353453 2302.4148120880127 0.8368125
0.2831138500498491 0.12675517604104244 0.4360067508891225 0.3304251697957516 1.1763009467757657 2290.495676279068 0.8231875
0.27883970090107324 0.12185786343482323 0.40504848159849643 0.3252506295740604 1.1309966755084533 2238.542115211487 0.838
0.2918192571323816 0.13921786807809258 0.4116409903354943 0.32590597938001153 1.16858409492598 2288.40944647789 0.838
